%YAML:1.0
---
body2world_pose: !!opencv-matrix
   rows: 4
   cols: 4
   dt: d
   data: [ -9.6430831131575900e-01, 1.9665730737977355e-01,
       1.7730026559903073e-01, -2.5763893530470264e-02,
       -1.1071463059412477e-01, 3.0879163895577788e-01,
       -9.4466395839124251e-01, 4.9893818433991967e-02,
       -2.4052391003755960e-01, -9.3057703988715612e-01,
       -2.7599750276968466e-01, 8.6233480349643676e-01, 0., 0., 0., 1. ]
reinit_iter: 0
