%YAML:1.0
---
body2world_pose: !!opencv-matrix
   rows: 4
   cols: 4
   dt: d
   data: [ -9.4703094689437683e-01, 3.0398911501635878e-01,
       -1.0355193661110795e-01, 4.4306408932272112e-02,
       1.2895705079651401e-01, 6.4665421453864794e-02,
       -9.8953952034168879e-01, -1.5906202578460964e-02,
       -2.9411301343906093e-01, -9.5047830128823318e-01,
       -1.0044169505752931e-01, 7.0571443062620842e-01, 0., 0., 0., 1. ]
port: 8081
